1  0.09781476   0.02079117   1
2  0.09135454   0.04067366   1
3  0.08090170   0.05877852   1
4  0.06691306   0.07431448   1
5  0.05000000   0.08660254   1
6  0.03090170   0.09510565   1
7  0.01045285   0.09945219   1
8 -0.01045285   0.09945219   1
9 -0.03090170   0.09510565   1
10 -0.05000000  0.08660254   1
11 -0.06691306  0.07431448   1
12 -0.08090170  0.05877852   1
13 -0.09135454  0.04067366   1
14 -0.09781476  0.02079117   1
15 -0.10000000  0.00000000   1
16 -0.09781476 -0.02079117   1
17 -0.09135454 -0.04067366   1
18 -0.08090170 -0.05877852   1
19 -0.06691306 -0.07431448   1
20 -0.05000000 -0.08660254   1
21 -0.03090170 -0.09510565   1
22 -0.01045285 -0.09945219   1
23  0.01045285 -0.09945219   1
24  0.03090170 -0.09510565   1
25  0.05000000 -0.08660254   1
26  0.06691306 -0.07431448   1
27  0.08090170 -0.05877852   1
28  0.09135454 -0.04067366   1
29  0.09781476 -0.02079117   1
30  0.10000000  0.00000000   1
31  0.09781476   0.02079117   0
32  0.09135454   0.04067366   0
33  0.08090170   0.05877852   0
34  0.06691306   0.07431448   0
35  0.05000000   0.08660254   0
36  0.03090170   0.09510565   0
37  0.01045285   0.09945219   0
38 -0.01045285   0.09945219   0
39 -0.03090170   0.09510565   0
40 -0.05000000   0.08660254   0
41 -0.06691306   0.07431448   0
42 -0.08090170   0.05877852   0
43 -0.09135454   0.04067366   0
44 -0.09781476   0.02079117   0
45 -0.10000000   0.00000000   0
46 -0.09781476  -0.02079117   0
47 -0.09135454  -0.04067366   0
48 -0.08090170  -0.05877852   0
49 -0.06691306  -0.07431448   0
50 -0.05000000  -0.08660254   0
51 -0.03090170  -0.09510565   0
52 -0.01045285  -0.09945219   0
53  0.01045285  -0.09945219   0
54  0.03090170  -0.09510565   0
55  0.05000000  -0.08660254   0
56  0.06691306  -0.07431448   0
57  0.08090170  -0.05877852   0
58  0.09135454  -0.04067366   0
59  0.09781476  -0.02079117   0
60  0.10000000   0.00000000   0
61 -0.10 0.25 1.12
62  0.10 0.25 1.12
63  0.10 -0.25 1.12
64 -0.10 -0.25 1.12
65 -0.10 0.25 1.00
66  0.10 0.25 1.00
67  0.10 -0.25 1.00
68 -0.10 -0.25 1.00
69   0.00   0.34   1.06 
80  -0.02   0.32   1.08   
81   0.02   0.32   1.08 
82   0.02   0.32   1.04   
83  -0.02   0.32   1.04  
91   0.30   0.330 0.98  
92   0.42   0.310  1.05  
93   0.54   0.285  1.12  
94   0.66   0.260   1.06  
95   0.78   0.230   0.92 
101   0.189   0.330   1.748  
102   0.184   0.310   1.570  
103   0.160   0.285   1.397  
104   0.087   0.260   1.266  
105  -0.026  0.230   1.155 
106   0.501   0.330   0.552  
107   0.350   0.310   0.646  
108   0.212   0.285   0.753  
109   0.135   0.260   0.882  
110   0.095   0.230   1.035
191   0.300   0.310   0.980  
192   0.420   0.290   1.050  
193   0.540   0.265   1.120  
194   0.660   0.240   1.060  
195   0.780   0.210   0.920
201   0.189   0.310   1.748  
202   0.184   0.290   1.570  
203   0.160   0.265   1.397  
204   0.087   0.240   1.266  
205  -0.026   0.210   1.155
211   0.501   0.310   0.552  
212   0.350   0.290   0.646  
213   0.212   0.265   0.753  
214   0.135   0.240   0.882  
215   0.095   0.210   1.035
Faces:
2 1 31 32.
3 2 32 33.
4 3 33 34.
5 4 34 35.
6 5 35 36.
7 6 36 37.
8 7 37 38.
9 8 38 39.
10 9 39 40.
11 10 40 41.
12 11 41 42.
13 12 42 43.
14 13 43 44.
15 14 44 45.
16 15 45 46.
17 16 46 47.
18 17 47 48.
19 18 48 49.
20 19 49 50.
21 20 50 51.
22 21 51 52.
23 22 52 53.
24 23 53 54.
25 24 54 55.
26 25 55 56.
27 26 56 57.
28 27 57 58.
29 28 58 59.
30 29 59 60.
1 30 60 31.
1 2 3 4 5 6 7 8 9 10 11 12 13 14 15 16 17 18 19 20 21 22 23 24 25 26 27 28 29 30.
60 59 58 57 56 55 54 53 52 51 50 49 48 47 46 45 44 43 42 41 40 39 38 37 36 35 34 33 32 31.
61 62 66 65.  
62 63 67 66.   
63 64 68 67.  
64 61 65 68.  
64 63 62 61.  
65 66 67 68. 
83 82 81 80.
80 81 82 83.
80 61.
81 62.
83 65.
82 66.
69 91 92.
69 92 93.
69 93 94.
69 94 95.
92 91 69.
93 92 69.
94 93 69.
95 94 69.
69 101 102.  
69 102 103. 
69 103 104.  
69 104 105.
102 101 69.
103 102 69.
104 103 69.
105 104 69.
69 106 107.
69 107 108.
69 108 109.
69 109 110.
107 106 69.
108 107 69.
109 108 69.
110 109 69.
91 92 192.
91 192 191.
92 93 193.
92 193 192.
93 94 194.
93 194 193.
94 95 195.
94 195 194.
101 102 202. 
101 202 201.  
102 103 203. 
102 203 202.  
103 104 204.  
103 204 203.  
104 105 205. 
104 205 204.
202 201 69.  
203 202 69.  
204 203 69.  
205 204 69.
106 107 212.  
106 212 211.  
107 108 213.  
107 213 212.  
108 109 214.  
108 214 213.  
109 110 215.  
109 215 214.
212 211 69.  
213 212 69.  
214 213 69.  
215 214 69.